256 256
R 250 10 11 12 6
R 11 13 13 249 6
R 13 249 190 247 6
R 190 70 188 246 6
R 190 70 71 72 6
R 71 73 73 189 6
R 73 189 130 187 6
R 130 130 128 186 6
R 121 138 81 138 5
R 81 139 81 178 5
R 81 178 119 178 5
R 119 140 119 177 5
R 119 140 83 140 5
R 83 141 83 176 5
R 83 176 117 176 5
R 117 142 117 175 5
R 117 142 85 142 5
R 85 143 85 174 5
R 85 174 115 174 5
R 115 144 115 173 5
R 115 144 87 144 5
R 87 145 87 172 5
R 87 172 113 172 5
R 113 146 113 171 5
R 113 146 89 146 5
R 89 147 89 170 5
R 89 170 111 170 5
R 111 148 111 169 5
R 111 148 91 148 5
R 91 149 91 168 5
R 91 168 109 168 5
R 109 150 109 167 5
R 109 150 93 150 5
R 93 151 93 166 5
R 93 166 107 166 5
R 107 152 107 165 5
R 107 152 95 152 5
R 95 153 95 164 5
R 95 164 105 164 5
R 105 154 105 163 5
R 105 154 97 154 5
R 97 155 97 162 5
R 97 162 103 162 5
R 103 156 103 161 5
R 103 156 99 156 5
R 99 157 99 160 5
R 99 160 101 160 5
R 101 158 101 159 5
R 121 84 81 84 5
R 81 85 81 124 5
R 81 124 117 124 5
R 117 88 117 123 5
R 117 88 85 88 5
R 85 89 85 120 5
R 85 120 113 120 5
R 113 92 113 119 5
R 113 92 89 92 5
R 89 93 89 116 5
R 89 116 109 116 5
R 109 96 109 115 5
R 109 96 93 96 5
R 93 97 93 112 5
R 93 112 105 112 5
R 105 100 105 111 5
R 105 100 97 100 5
R 97 101 97 108 5
R 97 108 101 108 5
R 101 104 101 107 5
R 179 84 139 84 5
R 139 85 139 124 5
R 139 124 177 124 5
R 177 86 177 123 5
R 177 86 141 86 5
R 141 87 141 122 5
R 141 122 175 122 5
R 175 88 175 121 5
R 175 88 143 88 5
R 143 89 143 120 5
R 143 120 173 120 5
R 173 90 173 119 5
R 173 90 145 90 5
R 145 91 145 118 5
R 145 118 171 118 5
R 171 92 171 117 5
R 171 92 147 92 5
R 147 93 147 116 5
R 147 116 169 116 5
R 169 94 169 115 5
R 169 94 149 94 5
R 149 95 149 114 5
R 149 114 167 114 5
R 167 96 167 113 5
R 167 96 151 96 5
R 151 97 151 112 5
R 151 112 165 112 5
R 165 98 165 111 5
R 165 98 153 98 5
R 153 99 153 110 5
R 153 110 163 110 5
R 163 100 163 109 5
R 163 100 155 100 5
R 155 101 155 108 5
R 155 108 161 108 5
R 161 102 161 107 5
R 161 102 157 102 5
R 157 103 157 106 5
R 157 106 159 106 5
R 159 104 159 105 5
R 179 140 139 140 5
R 139 141 139 180 5
R 139 180 175 180 5
R 175 144 175 179 5
R 175 144 143 144 5
R 143 145 143 176 5
R 143 176 171 176 5
R 171 148 171 175 5
R 171 148 147 148 5
R 147 149 147 172 5
R 147 172 167 172 5
R 167 152 167 171 5
R 167 152 151 152 5
R 151 153 151 168 5
R 151 168 163 168 5
R 163 156 163 167 5
R 163 156 155 156 5
R 155 157 155 164 5
R 155 164 159 164 5
R 159 160 159 163 5
R 179 197 139 197 5
R 139 198 139 237 5
R 139 237 177 237 5
R 177 199 177 236 5
R 177 199 141 199 5
R 141 200 141 235 5
R 141 235 175 235 5
R 175 201 175 234 5
R 175 201 143 201 5
R 143 202 143 233 5
R 143 233 173 233 5
R 173 203 173 232 5
R 173 203 145 203 5
R 145 204 145 231 5
R 145 231 171 231 5
R 171 205 171 230 5
R 171 205 147 205 5
R 147 206 147 229 5
R 147 229 169 229 5
R 169 207 169 228 5
R 169 207 149 207 5
R 149 208 149 227 5
R 149 227 167 227 5
R 167 209 167 226 5
R 167 209 151 209 5
R 151 210 151 225 5
R 151 225 165 225 5
R 165 211 165 224 5
R 165 211 153 211 5
R 153 212 153 223 5
R 153 223 163 223 5
R 163 213 163 222 5
R 163 213 155 213 5
R 155 214 155 221 5
R 155 221 161 221 5
R 161 215 161 220 5
R 161 215 157 215 5
R 157 216 157 219 5
R 157 219 159 219 5
R 159 217 159 218 5
R 121 197 81 197 5
R 81 198 81 237 5
R 81 237 117 237 5
R 117 201 117 236 5
R 117 201 85 201 5
R 85 202 85 233 5
R 85 233 113 233 5
R 113 205 113 232 5
R 113 205 89 205 5
R 89 206 89 229 5
R 89 229 109 229 5
R 109 209 109 228 5
R 109 209 93 209 5
R 93 210 93 225 5
R 93 225 105 225 5
R 105 213 105 224 5
R 105 213 97 213 5
R 97 214 97 221 5
R 97 221 101 221 5
R 101 217 101 220 5
R 63 197 23 197 5
R 23 198 23 237 5
R 23 237 61 237 5
R 61 199 61 236 5
R 61 199 25 199 5
R 25 200 25 235 5
R 25 235 59 235 5
R 59 201 59 234 5
R 59 201 27 201 5
R 27 202 27 233 5
R 27 233 57 233 5
R 57 203 57 232 5
R 57 203 29 203 5
R 29 204 29 231 5
R 29 231 55 231 5
R 55 205 55 230 5
R 55 205 31 205 5
R 31 206 31 229 5
R 31 229 53 229 5
R 53 207 53 228 5
R 53 207 33 207 5
R 33 208 33 227 5
R 33 227 51 227 5
R 51 209 51 226 5
R 51 209 35 209 5
R 35 210 35 225 5
R 35 225 49 225 5
R 49 211 49 224 5
R 49 211 37 211 5
R 37 212 37 223 5
R 37 223 47 223 5
R 47 213 47 222 5
R 47 213 39 213 5
R 39 214 39 221 5
R 39 221 45 221 5
R 45 215 45 220 5
R 45 215 41 215 5
R 41 216 41 219 5
R 41 219 43 219 5
R 43 217 43 218 5
R 63 138 23 138 5
R 23 139 23 178 5
R 23 178 59 178 5
R 59 142 59 177 5
R 59 142 27 142 5
R 27 143 27 174 5
R 27 174 55 174 5
R 55 146 55 173 5
R 55 146 31 146 5
R 31 147 31 170 5
R 31 170 51 170 5
R 51 150 51 169 5
R 51 150 35 150 5
R 35 151 35 166 5
R 35 166 47 166 5
R 47 154 47 165 5
R 47 154 39 154 5
R 39 155 39 162 5
R 39 162 43 162 5
R 43 158 43 161 5
R 63 80 23 80 5
R 23 81 23 120 5
R 23 120 61 120 5
R 61 82 61 119 5
R 61 82 25 82 5
R 25 83 25 118 5
R 25 118 59 118 5
R 59 84 59 117 5
R 59 84 27 84 5
R 27 85 27 116 5
R 27 116 57 116 5
R 57 86 57 115 5
R 57 86 29 86 5
R 29 87 29 114 5
R 29 114 55 114 5
R 55 88 55 113 5
R 55 88 31 88 5
R 31 89 31 112 5
R 31 112 53 112 5
R 53 90 53 111 5
R 53 90 33 90 5
R 33 91 33 110 5
R 33 110 51 110 5
R 51 92 51 109 5
R 51 92 35 92 5
R 35 93 35 108 5
R 35 108 49 108 5
R 49 94 49 107 5
R 49 94 37 94 5
R 37 95 37 106 5
R 37 106 47 106 5
R 47 96 47 105 5
R 47 96 39 96 5
R 39 97 39 104 5
R 39 104 45 104 5
R 45 98 45 103 5
R 45 98 41 98 5
R 41 99 41 102 5
R 41 102 43 102 5
R 43 100 43 101 5
R 63 22 23 22 5
R 23 23 23 62 5
R 23 62 59 62 5
R 59 26 59 61 5
R 59 26 27 26 5
R 27 27 27 58 5
R 27 58 55 58 5
R 55 30 55 57 5
R 55 30 31 30 5
R 31 31 31 54 5
R 31 54 51 54 5
R 51 34 51 53 5
R 51 34 35 34 5
R 35 35 35 50 5
R 35 50 47 50 5
R 47 38 47 49 5
R 47 38 39 38 5
R 39 39 39 46 5
R 39 46 43 46 5
R 43 42 43 45 5
R 121 22 81 22 5
R 81 23 81 62 5
R 81 62 119 62 5
R 119 24 119 61 5
R 119 24 83 24 5
R 83 25 83 60 5
R 83 60 117 60 5
R 117 26 117 59 5
R 117 26 85 26 5
R 85 27 85 58 5
R 85 58 115 58 5
R 115 28 115 57 5
R 115 28 87 28 5
R 87 29 87 56 5
R 87 56 113 56 5
R 113 30 113 55 5
R 113 30 89 30 5
R 89 31 89 54 5
R 89 54 111 54 5
R 111 32 111 53 5
R 111 32 91 32 5
R 91 33 91 52 5
R 91 52 109 52 5
R 109 34 109 51 5
R 109 34 93 34 5
R 93 35 93 50 5
R 93 50 107 50 5
R 107 36 107 49 5
R 107 36 95 36 5
R 95 37 95 48 5
R 95 48 105 48 5
R 105 38 105 47 5
R 105 38 97 38 5
R 97 39 97 46 5
R 97 46 103 46 5
R 103 40 103 45 5
R 103 40 99 40 5
R 99 41 99 44 5
R 99 44 101 44 5
R 101 42 101 43 5
R 179 22 139 22 5
R 139 23 139 62 5
R 139 62 175 62 5
R 175 26 175 61 5
R 175 26 143 26 5
R 143 27 143 58 5
R 143 58 171 58 5
R 171 30 171 57 5
R 171 30 147 30 5
R 147 31 147 54 5
R 147 54 167 54 5
R 167 34 167 53 5
R 167 34 151 34 5
R 151 35 151 50 5
R 151 50 163 50 5
R 163 38 163 49 5
R 163 38 155 38 5
R 155 39 155 46 5
R 155 46 159 46 5
R 159 42 159 45 5
R 239 22 199 22 5
R 199 23 199 62 5
R 199 62 237 62 5
R 237 24 237 61 5
R 237 24 201 24 5
R 201 25 201 60 5
R 201 60 235 60 5
R 235 26 235 59 5
R 235 26 203 26 5
R 203 27 203 58 5
R 203 58 233 58 5
R 233 28 233 57 5
R 233 28 205 28 5
R 205 29 205 56 5
R 205 56 231 56 5
R 231 30 231 55 5
R 231 30 207 30 5
R 207 31 207 54 5
R 207 54 229 54 5
R 229 32 229 53 5
R 229 32 209 32 5
R 209 33 209 52 5
R 209 52 227 52 5
R 227 34 227 51 5
R 227 34 211 34 5
R 211 35 211 50 5
R 211 50 225 50 5
R 225 36 225 49 5
R 225 36 213 36 5
R 213 37 213 48 5
R 213 48 223 48 5
R 223 38 223 47 5
R 223 38 215 38 5
R 215 39 215 46 5
R 215 46 221 46 5
R 221 40 221 45 5
R 221 40 217 40 5
R 217 41 217 44 5
R 217 44 219 44 5
R 219 42 219 43 5
R 239 80 199 80 5
R 199 81 199 120 5
R 199 120 235 120 5
R 235 84 235 119 5
R 235 84 203 84 5
R 203 85 203 116 5
R 203 116 231 116 5
R 231 88 231 115 5
R 231 88 207 88 5
R 207 89 207 112 5
R 207 112 227 112 5
R 227 92 227 111 5
R 227 92 211 92 5
R 211 93 211 108 5
R 211 108 223 108 5
R 223 96 223 107 5
R 223 96 215 96 5
R 215 97 215 104 5
R 215 104 219 104 5
R 219 100 219 103 5
R 239 138 199 138 5
R 199 139 199 178 5
R 199 178 237 178 5
R 237 140 237 177 5
R 237 140 201 140 5
R 201 141 201 176 5
R 201 176 235 176 5
R 235 142 235 175 5
R 235 142 203 142 5
R 203 143 203 174 5
R 203 174 233 174 5
R 233 144 233 173 5
R 233 144 205 144 5
R 205 145 205 172 5
R 205 172 231 172 5
R 231 146 231 171 5
R 231 146 207 146 5
R 207 147 207 170 5
R 207 170 229 170 5
R 229 148 229 169 5
R 229 148 209 148 5
R 209 149 209 168 5
R 209 168 227 168 5
R 227 150 227 167 5
R 227 150 211 150 5
R 211 151 211 166 5
R 211 166 225 166 5
R 225 152 225 165 5
R 225 152 213 152 5
R 213 153 213 164 5
R 213 164 223 164 5
R 223 154 223 163 5
R 223 154 215 154 5
R 215 155 215 162 5
R 215 162 221 162 5
R 221 156 221 161 5
R 221 156 217 156 5
R 217 157 217 160 5
R 217 160 219 160 5
R 219 158 219 159 5
R 239 197 199 197 5
R 199 198 199 237 5
R 199 237 235 237 5
R 235 201 235 236 5
R 235 201 203 201 5
R 203 202 203 233 5
R 203 233 231 233 5
R 231 205 231 232 5
R 231 205 207 205 5
R 207 206 207 229 5
R 207 229 227 229 5
R 227 209 227 228 5
R 227 209 211 209 5
R 211 210 211 225 5
R 211 225 223 225 5
R 223 213 223 224 5
R 223 213 215 213 5
R 215 214 215 221 5
R 215 221 219 221 5
R 219 217 219 220 5
F 255 255 2
E
