128 256
R 70 78 70 178 12
R 69 78 55 78 12
R 69 178 55 178 12
R 55 53 55 103 12
R 54 53 40 53 12
R 54 103 40 103 12
R 40 41 40 65 12
R 39 41 25 41 12
R 39 65 25 65 12
R 25 35 25 47 12
R 24 35 10 35 12
R 24 47 10 47 12
R 10 32 10 38 12
R 9 32 -5 32 12
R 9 38 -5 38 12
R 10 44 10 50 12
R 9 44 -5 44 12
R 9 50 -5 50 12
R 25 59 25 71 12
R 24 59 10 59 12
R 24 71 10 71 12
R 10 56 10 62 12
R 9 56 -5 56 12
R 9 62 -5 62 12
R 10 68 10 74 12
R 9 68 -5 68 12
R 9 74 -5 74 12
R 40 91 40 115 12
R 39 91 25 91 12
R 39 115 25 115 12
R 25 85 25 97 12
R 24 85 10 85 12
R 24 97 10 97 12
R 10 82 10 88 12
R 9 82 -5 82 12
R 9 88 -5 88 12
R 10 94 10 100 12
R 9 94 -5 94 12
R 9 100 -5 100 12
R 25 109 25 121 12
R 24 109 10 109 12
R 24 121 10 121 12
R 10 106 10 112 12
R 9 106 -5 106 12
R 9 112 -5 112 12
R 10 118 10 124 12
R 9 118 -5 118 12
R 9 124 -5 124 12
R 55 153 55 203 12
R 54 153 40 153 12
R 54 203 40 203 12
R 40 141 40 165 12
R 39 141 25 141 12
R 39 165 25 165 12
R 25 135 25 147 12
R 24 135 10 135 12
R 24 147 10 147 12
R 10 132 10 138 12
R 9 132 -5 132 12
R 9 138 -5 138 12
R 10 144 10 150 12
R 9 144 -5 144 12
R 9 150 -5 150 12
R 25 159 25 171 12
R 24 159 10 159 12
R 24 171 10 171 12
R 10 156 10 162 12
R 9 156 -5 156 12
R 9 162 -5 162 12
R 10 168 10 174 12
R 9 168 -5 168 12
R 9 174 -5 174 12
R 40 191 40 215 12
R 39 191 25 191 12
R 39 215 25 215 12
R 25 185 25 197 12
R 24 185 10 185 12
R 24 197 10 197 12
R 10 182 10 188 12
R 9 182 -5 182 12
R 9 188 -5 188 12
R 10 194 10 200 12
R 9 194 -5 194 12
R 9 200 -5 200 12
R 25 209 25 221 12
R 24 209 10 209 12
R 24 221 10 221 12
R 10 206 10 212 12
R 9 206 -5 206 12
R 9 212 -5 212 12
R 10 218 10 224 12
R 9 218 -5 218 12
R 9 224 -5 224 12
R 120 78 120 178 12
R 119 78 110 78 12
R 119 178 110 178 12
R 110 53 110 103 12
R 109 53 100 53 12
R 109 103 100 103 12
R 100 41 100 65 12
R 99 41 90 41 12
R 99 65 90 65 12
R 90 35 90 47 12
R 89 35 80 35 12
R 89 47 80 47 12
R 80 32 80 38 12
R 79 32 70 32 12
R 79 38 70 38 12
R 80 44 80 50 12
R 79 44 70 44 12
R 79 50 70 50 12
R 90 59 90 71 12
R 89 59 80 59 12
R 89 71 80 71 12
R 80 56 80 62 12
R 79 56 70 56 12
R 79 62 70 62 12
R 80 68 80 74 12
R 79 68 70 68 12
R 79 74 70 74 12
R 100 91 100 115 12
R 99 91 90 91 12
R 99 115 90 115 12
R 90 85 90 97 12
R 89 85 80 85 12
R 89 97 80 97 12
R 80 82 80 88 12
R 79 82 70 82 12
R 79 88 70 88 12
R 80 94 80 100 12
R 79 94 70 94 12
R 79 100 70 100 12
R 90 109 90 121 12
R 89 109 80 109 12
R 89 121 80 121 12
R 80 106 80 112 12
R 79 106 70 106 12
R 79 112 70 112 12
R 80 118 80 124 12
R 79 118 70 118 12
R 79 124 70 124 12
R 110 153 110 203 12
R 109 153 100 153 12
R 109 203 100 203 12
R 100 141 100 165 12
R 99 141 90 141 12
R 99 165 90 165 12
R 90 135 90 147 12
R 89 135 80 135 12
R 89 147 80 147 12
R 80 132 80 138 12
R 79 132 70 132 12
R 79 138 70 138 12
R 80 144 80 150 12
R 79 144 70 144 12
R 79 150 70 150 12
R 90 159 90 171 12
R 89 159 80 159 12
R 89 171 80 171 12
R 80 156 80 162 12
R 79 156 70 156 12
R 79 162 70 162 12
R 80 168 80 174 12
R 79 168 70 168 12
R 79 174 70 174 12
R 100 191 100 215 12
R 99 191 90 191 12
R 99 215 90 215 12
R 90 185 90 197 12
R 89 185 80 185 12
R 89 197 80 197 12
R 80 182 80 188 12
R 79 182 70 182 12
R 79 188 70 188 12
R 80 194 80 200 12
R 79 194 70 194 12
R 79 200 70 200 12
R 90 209 90 221 12
R 89 209 80 209 12
R 89 221 80 221 12
R 80 206 80 212 12
R 79 206 70 206 12
R 79 212 70 212 12
R 80 218 80 224 12
R 79 218 70 218 12
R 79 224 70 224 12
F 120 77 4
F 120 78 6
E
