81 81
R 33 18 33 62 14
R 32 18 30 18 14
R 32 62 30 62 14
R 30 7 30 29 14
R 29 7 27 7 14
R 29 29 27 29 14
R 27 2 27 12 14
R 26 2 24 2 14
R 26 12 24 12 14
R 24 0 24 4 14
R 23 0 21 0 14
R 23 4 21 4 14
R 24 10 24 14 14
R 23 10 21 10 14
R 23 14 21 14 14
R 27 24 27 34 14
R 26 24 24 24 14
R 26 34 24 34 14
R 24 22 24 26 14
R 23 22 21 22 14
R 23 26 21 26 14
R 24 32 24 36 14
R 23 32 21 32 14
R 23 36 21 36 14
R 30 51 30 73 14
R 29 51 27 51 14
R 29 73 27 73 14
R 27 46 27 56 14
R 26 46 24 46 14
R 26 56 24 56 14
R 24 44 24 48 14
R 23 44 21 44 14
R 23 48 21 48 14
R 24 54 24 58 14
R 23 54 21 54 14
R 23 58 21 58 14
R 27 68 27 78 14
R 26 68 24 68 14
R 26 78 24 78 14
R 24 66 24 70 14
R 23 66 21 66 14
R 23 70 21 70 14
R 24 76 24 80 14
R 23 76 21 76 14
R 23 80 21 80 14
R 77 28 77 52 14
R 76 28 70 28 14
R 76 52 70 52 14
R 70 22 70 34 14
R 69 22 63 22 14
R 69 34 63 34 14
R 63 19 63 25 14
R 62 19 56 19 14
R 62 25 56 25 14
R 63 31 63 37 14
R 62 31 56 31 14
R 62 37 56 37 14
R 70 46 70 58 14
R 69 46 63 46 14
R 69 58 63 58 14
R 63 43 63 49 14
R 62 43 56 43 14
R 62 49 56 49 14
R 63 55 63 61 14
R 62 55 56 55 14
R 62 61 56 61 14
H 5 20 15 60 3 14
F 0 0 4
E
